subject,frobenius_quality,self,neighbors,others
sub-111716,0.8968487617397302,0.7625698324022346,0.20391061452513967,0.0335195530726257
sub-103818,0.9361934236494952,0.776536312849162,0.12011173184357542,0.10335195530726257
sub-105115,0.738192813686637,0.3268156424581006,0.5642458100558659,0.10893854748603352
sub-113619,0.9743230357610609,0.8631284916201117,0.05865921787709497,0.0782122905027933
sub-115320,0.9493747299111676,0.8268156424581006,0.11173184357541899,0.061452513966480445
sub-103414,0.8904806761874265,0.8435754189944135,0.0893854748603352,0.0670391061452514
sub-111514,0.8173276297816638,0.26536312849162014,0.6452513966480447,0.0893854748603352
sub-100206,0.8934208214149784,0.7039106145251397,0.19832402234636873,0.09776536312849161
sub-119126,0.8802275601992195,0.723463687150838,0.1871508379888268,0.0893854748603352
sub-113821,0.9917180355729205,0.952513966480447,0.00558659217877095,0.04189944134078212
sub-107422,0.8834566888412696,0.611731843575419,0.30726256983240224,0.08100558659217877
sub-120515,0.8986823147472939,0.8128491620111732,0.12290502793296089,0.06424581005586592
sub-108121,0.9743869681166393,0.8798882681564246,0.0782122905027933,0.04189944134078212
sub-117930,0.8073167307261264,0.4888268156424581,0.4441340782122905,0.0670391061452514
sub-112819,0.6856038129153186,0.5502793296089385,0.39106145251396646,0.05865921787709497
sub-102816,0.9713248726502256,0.9162011173184358,0.05027932960893855,0.0335195530726257
sub-116423,0.7659017873174759,0.3128491620111732,0.5111731843575419,0.17597765363128492
sub-119833,0.9807893337260388,0.8938547486033519,0.055865921787709494,0.05027932960893855
sub-116221,0.9427632393930081,0.729050279329609,0.19553072625698323,0.07541899441340782
sub-114318,0.8651592699813799,0.5810055865921788,0.3324022346368715,0.08659217877094973
sub-108323,0.9664906987198011,0.776536312849162,0.1340782122905028,0.0893854748603352
sub-118528,0.9934398424667519,0.9357541899441341,0.013966480446927373,0.05027932960893855
sub-102008,0.9982372220150078,0.9581005586592178,0.002793296089385475,0.03910614525139665
sub-103111,0.9546998302814991,0.8463687150837989,0.0782122905027933,0.07541899441340782
sub-115017,0.9963655620140485,0.9357541899441341,0.01675977653631285,0.04748603351955307
sub-117324,0.9285701852591404,0.7458100558659218,0.16201117318435754,0.09217877094972067
sub-101410,0.9382439178011169,0.6368715083798883,0.2988826815642458,0.06424581005586592
sub-118730,1.003146350140668,0.946927374301676,0.013966480446927373,0.03910614525139665
sub-113922,0.8373896952658508,0.5363128491620112,0.36312849162011174,0.1005586592178771
sub-107725,0.992254530608442,0.9217877094972067,0.027932960893854747,0.05027932960893855
sub-115825,0.9322635878388904,0.88268156424581,0.07262569832402235,0.0446927374301676
sub-119025,0.8607736289478851,0.6061452513966481,0.25139664804469275,0.1424581005586592
sub-112314,1.0006181087868344,0.9497206703910615,0.0111731843575419,0.03910614525139665
sub-120010,0.9180139575772397,0.6843575418994413,0.2569832402234637,0.05865921787709497
sub-106521,0.925194689726148,0.776536312849162,0.11731843575418995,0.10614525139664804
sub-108828,0.869244564038185,0.4441340782122905,0.5391061452513967,0.01675977653631285
sub-102715,0.8783321040204655,0.611731843575419,0.2988826815642458,0.0893854748603352
sub-104416,1.0001969895761444,0.9273743016759777,0.027932960893854747,0.0446927374301676
sub-110613,0.770489633826478,0.2709497206703911,0.5893854748603352,0.13966480446927373
sub-112516,0.9987636876627236,0.8938547486033519,0.030726256983240222,0.07541899441340782
sub-114823,0.9694124906057591,0.8519553072625698,0.07262569832402235,0.07541899441340782
sub-120212,0.9439768728257285,0.7094972067039106,0.19832402234636873,0.09217877094972067
sub-114419,0.8986077212824534,0.5335195530726257,0.39106145251396646,0.07541899441340782
sub-110411,0.8962118145376561,0.8016759776536313,0.15363128491620112,0.0446927374301676
sub-101107,0.8943951031738632,0.7122905027932961,0.19273743016759776,0.09497206703910614
sub-118023,0.937161730676398,0.7402234636871509,0.17039106145251395,0.0893854748603352
sub-113215,0.9765858373893875,0.9162011173184358,0.055865921787709494,0.027932960893854747
sub-100408,1.0077586336112154,0.9022346368715084,0.025139664804469275,0.07262569832402235
sub-110007,0.9460609456626605,0.952513966480447,0.0111731843575419,0.036312849162011177
sub-109123,0.9896955514401041,0.9106145251396648,0.0335195530726257,0.055865921787709494
sub-117021,0.9406206110881749,0.776536312849162,0.19832402234636873,0.025139664804469275
sub-105923,0.9535919999513816,0.8016759776536313,0.1564245810055866,0.04189944134078212
sub-103212,0.9944446197420589,0.946927374301676,0.013966480446927373,0.03910614525139665
sub-111312,0.8742049040808494,0.6675977653631285,0.23743016759776536,0.09497206703910614
sub-118831,0.8622598079750166,0.4972067039106145,0.4134078212290503,0.0893854748603352
sub-115724,0.9172701556350474,0.7094972067039106,0.2206703910614525,0.06983240223463687
sub-101915,1.0000619011649863,0.9608938547486033,0.00558659217877095,0.0335195530726257
sub-107018,0.9340712477472441,0.8854748603351955,0.0782122905027933,0.036312849162011177
sub-103010,0.9965120841568313,0.9134078212290503,0.019553072625698324,0.0670391061452514
sub-102109,0.9969801736948254,0.9441340782122905,0.027932960893854747,0.027932960893854747
sub-106016,0.9994019881980858,0.8854748603351955,0.027932960893854747,0.08659217877094973
sub-101006,0.9570122495041898,0.7821229050279329,0.13966480446927373,0.0782122905027933
sub-106824,0.9379869605675717,0.7346368715083799,0.22346368715083798,0.04189944134078212
sub-114116,0.8535369399058783,0.6424581005586593,0.2346368715083799,0.12290502793296089
sub-120111,0.9825706933612863,0.9134078212290503,0.027932960893854747,0.05865921787709497
sub-109830,0.9125693163136609,0.7541899441340782,0.13966480446927373,0.10614525139664804
sub-102614,0.9736425081488803,0.835195530726257,0.11731843575418995,0.04748603351955307
sub-111009,0.918585740991693,0.8240223463687151,0.1005586592178771,0.07541899441340782
sub-118124,0.8545844868566086,0.7458100558659218,0.1787709497206704,0.07541899441340782
sub-108525,0.9115016593874189,0.6843575418994413,0.21508379888268156,0.1005586592178771
sub-107321,0.9711637243433523,0.8966480446927374,0.04748603351955307,0.055865921787709494
sub-100307,0.9288680320300743,0.835195530726257,0.09497206703910614,0.06983240223463687
sub-105216,0.790844864888975,0.7458100558659218,0.20670391061452514,0.04748603351955307
sub-117122,0.9139561859212583,0.7318435754189944,0.20949720670391062,0.05865921787709497
sub-113316,0.7806241669955106,0.44972067039106145,0.4273743016759777,0.12290502793296089
sub-105014,0.9988559648260339,0.9357541899441341,0.008379888268156424,0.055865921787709494
sub-118932,0.9805243261209127,0.8994413407821229,0.036312849162011177,0.06424581005586592
sub-111413,0.7107831914669508,0.4441340782122905,0.42178770949720673,0.1340782122905028
sub-111211,0.9348459897864756,0.8324022346368715,0.09497206703910614,0.07262569832402235
sub-103515,0.8444554443864672,0.6145251396648045,0.24860335195530725,0.13687150837988826
sub-115219,0.7440972673637477,0.2122905027932961,0.6703910614525139,0.11731843575418995
sub-105620,0.9977753589689827,0.9078212290502793,0.019553072625698324,0.07262569832402235
sub-116726,0.8982740585046244,0.6452513966480447,0.3016759776536313,0.05307262569832402
sub-118225,0.8431006189603023,0.39664804469273746,0.4888268156424581,0.11452513966480447
sub-108222,0.8349439470154927,0.5195530726256983,0.39664804469273746,0.08379888268156424
sub-100610,0.9978568306962019,0.9162011173184358,0.025139664804469275,0.05865921787709497
sub-114217,0.9889214135281985,0.9217877094972067,0.030726256983240222,0.04748603351955307
sub-101309,0.9880211465685995,0.8631284916201117,0.0782122905027933,0.05865921787709497
sub-104012,0.9014324308365291,0.6871508379888268,0.23743016759776536,0.07541899441340782
sub-102311,0.9961282018977048,0.952513966480447,0.00558659217877095,0.04189944134078212
sub-106319,0.9273952471749258,0.7681564245810056,0.164804469273743,0.0670391061452514
sub-116524,0.9779795168833426,0.8435754189944135,0.08379888268156424,0.07262569832402235
sub-104820,1.0026131420286974,0.8770949720670391,0.01675977653631285,0.10614525139664804
sub-114621,0.9389834684180746,0.8240223463687151,0.0670391061452514,0.10893854748603352
sub-120414,0.7393438844966171,0.36312849162011174,0.5083798882681564,0.12849162011173185
sub-108020,0.8242711258178237,0.4581005586592179,0.42178770949720673,0.12011173184357542
sub-112112,1.0000091243629805,0.9581005586592178,0.00558659217877095,0.036312849162011177
sub-102513,0.8102395841980168,0.4134078212290503,0.505586592178771,0.08100558659217877
sub-112920,0.9996392921165057,0.9106145251396648,0.03910614525139665,0.05027932960893855
sub-119732,0.9653759347974139,0.7541899441340782,0.164804469273743,0.08100558659217877
